0.000000000000000000e+00 4.683136622435914997e-01
0.000000000000000000e+00 3.175991926542081067e-01
0.000000000000000000e+00 2.905115936037447333e-01
0.000000000000000000e+00 1.653290798980322218e-01
1.000000000000000000e+02 1.205014787670866533e-01
1.070000000000000000e+02 1.064236932704148292e-01
0.000000000000000000e+00 3.000323527178894167e-01
0.000000000000000000e+00 3.508252642185000214e-01
5.100000000000000000e+02 9.072993905645213020e-02
0.000000000000000000e+00 2.874328984962204458e-01
0.000000000000000000e+00 8.836026553825919727e-01
4.420000000000000000e+02 3.189108957810778133e-02
0.000000000000000000e+00 1.105443942264148660e+00
0.000000000000000000e+00 2.869058511589421823e-01
4.160000000000000000e+02 1.022936275933149924e-01
0.000000000000000000e+00 1.848185979765157860e-01
0.000000000000000000e+00 1.172927488278222352e+00
0.000000000000000000e+00 1.879042272238286293e-01
1.900000000000000000e+01 1.290989322371506987e+00
3.180000000000000000e+02 1.103642265257796656e-01
1.900000000000000000e+02 1.175838046703855527e-01
0.000000000000000000e+00 1.739566345780889922e-01
0.000000000000000000e+00 3.618490462373484817e-01
0.000000000000000000e+00 1.187593445726401020e+00
0.000000000000000000e+00 3.658438269998534054e-01
0.000000000000000000e+00 1.217494537789045816e+00
0.000000000000000000e+00 3.111026616464824257e-01
5.330000000000000000e+02 9.041094926530103548e-02
0.000000000000000000e+00 1.463642089203774366e-01
1.590000000000000000e+02 1.647971910241184668e-01
0.000000000000000000e+00 1.221446283049810733e+00
0.000000000000000000e+00 1.802852742012513443e-01
0.000000000000000000e+00 1.957598328952319944e-01
0.000000000000000000e+00 1.896691721395030727e-01
0.000000000000000000e+00 3.165895193546661712e-01
6.950000000000000000e+02 6.678836865035757409e-02
0.000000000000000000e+00 1.405626309070632796e-01
3.270000000000000000e+02 8.454413739002451800e-02
5.360000000000000000e+02 7.303783204569228027e-02
0.000000000000000000e+00 2.937102577705690831e-01
0.000000000000000000e+00 1.179691087855139070e-01
0.000000000000000000e+00 1.040087472151631776e-01
0.000000000000000000e+00 2.095442554737941832e-01
0.000000000000000000e+00 2.998869176788122592e-01
6.920000000000000000e+02 8.792475473844259259e-02
0.000000000000000000e+00 8.064053424436464779e-01
0.000000000000000000e+00 2.769212359479809593e-01
0.000000000000000000e+00 1.907454029301024756e-01
0.000000000000000000e+00 1.720024007833368951e-01
0.000000000000000000e+00 3.289557341729859585e-01
0.000000000000000000e+00 1.290245274745528414e+00
0.000000000000000000e+00 2.270853214320170121e-01
0.000000000000000000e+00 2.196042418806847252e-01
0.000000000000000000e+00 1.090764263540180828e-01
0.000000000000000000e+00 3.008702661899976261e-01
7.010000000000000000e+02 4.545349105655475258e-02
0.000000000000000000e+00 1.224529403217985424e+00
0.000000000000000000e+00 2.280998251106189922e-01
2.010000000000000000e+02 9.848247472529599034e-02
0.000000000000000000e+00 2.056935895026870686e-01
2.530000000000000000e+02 6.214232539971480118e-02
0.000000000000000000e+00 2.078909692223632755e-01
0.000000000000000000e+00 4.719516651379307981e-01
0.000000000000000000e+00 2.315244733353426787e-01
0.000000000000000000e+00 4.479530413287096113e-01
0.000000000000000000e+00 1.457846369220224259e-01
0.000000000000000000e+00 2.243470785496932129e-01
0.000000000000000000e+00 1.205277691463720463e-01
0.000000000000000000e+00 1.243165937942976695e+00
0.000000000000000000e+00 1.623491037443116902e-01
0.000000000000000000e+00 4.892565971110958145e-01
0.000000000000000000e+00 3.864211671176361329e-01
0.000000000000000000e+00 2.040680125349358109e-01
0.000000000000000000e+00 2.502366268556668882e-01
0.000000000000000000e+00 3.277068850919656051e-01
0.000000000000000000e+00 2.645603067487186100e-01
5.110000000000000000e+02 1.078112467709129579e-01
1.500000000000000000e+01 1.124505443605403054e-01
4.560000000000000000e+02 6.756321612870934412e-02
0.000000000000000000e+00 1.942399607473263567e-01
1.690000000000000000e+02 9.499269347202549119e-02
0.000000000000000000e+00 2.269461917934985362e-01
6.850000000000000000e+02 8.693576933174855526e-02
0.000000000000000000e+00 1.862468163248769681e-01
3.340000000000000000e+02 1.338445803997109218e-01
9.000000000000000000e+01 1.387683148246949827e-01
0.000000000000000000e+00 3.353121670783779096e-01
0.000000000000000000e+00 2.915615096233046821e-01
0.000000000000000000e+00 1.718378870601827146e-01
0.000000000000000000e+00 2.402222639991761777e-01
1.090000000000000000e+02 1.886483204780762812e-01
0.000000000000000000e+00 3.516081652914171407e-01
0.000000000000000000e+00 1.365235945356559066e-01
0.000000000000000000e+00 2.070031641238491427e-01
0.000000000000000000e+00 3.111805796325086693e-01
4.190000000000000000e+02 1.505556685971804198e-01
6.210000000000000000e+02 9.557176750125694065e-02
0.000000000000000000e+00 2.498590137153140212e-01
0.000000000000000000e+00 3.289764792929341097e-01
0.000000000000000000e+00 2.437907843350528014e-01
0.000000000000000000e+00 1.659596353006743130e-01
0.000000000000000000e+00 1.572205327996545055e-01
0.000000000000000000e+00 1.215204206104925772e-01
0.000000000000000000e+00 1.308900040436786483e-01
0.000000000000000000e+00 1.519134542046531866e-01
0.000000000000000000e+00 2.473760107231509631e-01
6.940000000000000000e+02 4.756474833750871933e-02
2.400000000000000000e+02 2.202541741647059681e-01
0.000000000000000000e+00 1.926047118450364137e-01
0.000000000000000000e+00 3.178921429965520518e-01
0.000000000000000000e+00 1.826622473579837258e-01
0.000000000000000000e+00 2.906785682540828919e-01
0.000000000000000000e+00 1.056058423795792178e+00
0.000000000000000000e+00 2.818149033827429539e-01
0.000000000000000000e+00 1.879287994026548336e-01
0.000000000000000000e+00 2.329266012713827050e-01
4.020000000000000000e+02 9.394687861893534497e-02
0.000000000000000000e+00 2.735855084875312149e-01
4.400000000000000000e+01 7.971240384247363364e-02
0.000000000000000000e+00 3.086766551595752639e-01
5.110000000000000000e+02 9.590389370304275296e-02
0.000000000000000000e+00 2.580157886459613081e-01
0.000000000000000000e+00 1.905655663827708901e-01
2.120000000000000000e+02 7.114379928760793115e-02
0.000000000000000000e+00 1.029045975936533575e+00
0.000000000000000000e+00 1.481305828043983253e+00
1.970000000000000000e+02 9.984207506110781560e-02
0.000000000000000000e+00 1.438307708617502512e-01
0.000000000000000000e+00 1.299849888030925493e+00
0.000000000000000000e+00 1.655579785858761477e-01
0.000000000000000000e+00 1.778344276180285066e-01
0.000000000000000000e+00 1.465774437053668500e-01
0.000000000000000000e+00 1.007025100337273216e+00
5.080000000000000000e+02 1.103646226500966249e-01
7.010000000000000000e+02 7.838736032650257812e-02
1.000000000000000000e+00 1.142251238984419937e+00
0.000000000000000000e+00 1.067601428599306290e+00
0.000000000000000000e+00 2.227880929879313687e-01
2.320000000000000000e+02 2.088127478397437953e-01
0.000000000000000000e+00 2.489651088461783401e-01
0.000000000000000000e+00 1.360945547080446572e-01
0.000000000000000000e+00 1.876414175724029632e-01
2.270000000000000000e+02 1.093392796210173185e-01
7.010000000000000000e+02 7.820957050934408683e-02
0.000000000000000000e+00 3.509667598287070645e-01
0.000000000000000000e+00 4.447706413328784136e-01
0.000000000000000000e+00 2.345532642636244669e-01
0.000000000000000000e+00 2.034999808251534148e-01
0.000000000000000000e+00 1.866265207043943941e-01
4.450000000000000000e+02 1.048044962567731830e-01
0.000000000000000000e+00 2.010413254721136189e-01
0.000000000000000000e+00 3.748980358360475273e-01
0.000000000000000000e+00 1.164522050215453852e+00
7.010000000000000000e+02 4.516685455153078566e-02
0.000000000000000000e+00 1.823885842324726170e-01
0.000000000000000000e+00 8.589535163626426106e-01
0.000000000000000000e+00 2.883678352714307835e-01
0.000000000000000000e+00 7.793832082478372447e-01
6.000000000000000000e+00 1.853140871940574808e-01
0.000000000000000000e+00 2.326003573161045390e-01
0.000000000000000000e+00 1.883536120025548766e-01
3.040000000000000000e+02 6.658866488649363424e-02
0.000000000000000000e+00 1.727693411147542546e-01
0.000000000000000000e+00 1.267138601282672417e-01
2.600000000000000000e+02 1.142638742578331451e-01
1.040000000000000000e+02 9.028169882008439673e-02
0.000000000000000000e+00 1.449053582408271201e-01
7.000000000000000000e+02 3.143499817769834087e-02
5.300000000000000000e+01 9.555114442054110646e-02
7.010000000000000000e+02 4.920947275720224945e-02
0.000000000000000000e+00 3.569269009827326644e-01
3.640000000000000000e+02 1.109696519058088471e-01
0.000000000000000000e+00 8.201473363413145368e-01
0.000000000000000000e+00 2.193394351551270771e-01
0.000000000000000000e+00 9.280335020616731212e-01
0.000000000000000000e+00 1.617171553975968734e-01
0.000000000000000000e+00 2.934660669623320173e-01
0.000000000000000000e+00 1.556054259094983072e+00
0.000000000000000000e+00 1.182684722561333945e+00
0.000000000000000000e+00 2.149077732015942932e-01
0.000000000000000000e+00 1.376714458463335511e+00
0.000000000000000000e+00 3.208864484079083645e-01
0.000000000000000000e+00 1.298005916879024113e+00
0.000000000000000000e+00 2.415736556591209228e-01
0.000000000000000000e+00 1.628940122558764081e-01
0.000000000000000000e+00 2.263559733901641113e-01
0.000000000000000000e+00 1.371457660040108495e+00
0.000000000000000000e+00 2.033362916539369902e-01
6.600000000000000000e+02 5.891192787339610132e-02
3.880000000000000000e+02 1.897802055728226578e-01
0.000000000000000000e+00 1.180776103131126353e+00
0.000000000000000000e+00 3.339971834470171763e-01
1.810000000000000000e+02 1.147808490264968229e-01
3.900000000000000000e+01 1.681770151477206265e-01
0.000000000000000000e+00 1.718092958850359619e-01
0.000000000000000000e+00 1.269437797222708608e-01
0.000000000000000000e+00 2.168526781280445959e-01
6.770000000000000000e+02 6.054361393068977137e-02
0.000000000000000000e+00 2.351317964010479211e-01
3.340000000000000000e+02 1.278842805198780130e+00
0.000000000000000000e+00 2.777838345592917313e-01
0.000000000000000000e+00 3.348689105271778765e-01
1.010000000000000000e+02 2.001579517861180879e-01
9.300000000000000000e+01 9.018260379568451279e-01
0.000000000000000000e+00 8.421099620218310822e-01
4.100000000000000000e+01 1.058081247499927102e-01
0.000000000000000000e+00 2.289589939692295295e-01
3.030000000000000000e+02 1.833788178212389097e-01
0.000000000000000000e+00 1.310832629027359475e-01
7.010000000000000000e+02 4.853177946835445650e-02
0.000000000000000000e+00 1.222375264782913917e-01
0.000000000000000000e+00 3.899209376392668291e-01
0.000000000000000000e+00 2.882965627219467031e-01
0.000000000000000000e+00 1.800077956147533298e-01
1.600000000000000000e+02 8.092961999152173402e-02
0.000000000000000000e+00 4.413496132435163477e-01
0.000000000000000000e+00 2.145942150570810392e-01
8.500000000000000000e+01 1.096467097015017406e-01
4.890000000000000000e+02 7.706329213901806641e-02
1.510000000000000000e+02 1.250413518846934524e-01
0.000000000000000000e+00 8.694374826685344892e-01
6.980000000000000000e+02 5.613344037531459857e-02
0.000000000000000000e+00 2.121430795823512905e-01
0.000000000000000000e+00 2.114155212942606943e-01
1.130000000000000000e+02 1.642573305914875936e+00
1.150000000000000000e+02 1.038408774176987071e-01
0.000000000000000000e+00 1.032671459741149267e+00
0.000000000000000000e+00 6.073722333820262831e-01
0.000000000000000000e+00 1.232123069833518603e+00
0.000000000000000000e+00 1.851262080895722251e-01
7.010000000000000000e+02 7.042312349213911138e-02
4.930000000000000000e+02 8.533366972655630212e-02
7.500000000000000000e+01 2.251798285101505037e-01
0.000000000000000000e+00 2.773975862258485914e-01
0.000000000000000000e+00 2.981027392570220758e-01
0.000000000000000000e+00 1.474021258209569085e-01
0.000000000000000000e+00 1.433074126145644223e-01
0.000000000000000000e+00 1.208388913287842259e-01
0.000000000000000000e+00 3.959308954865332630e-01
0.000000000000000000e+00 1.225576850607158486e-01
6.200000000000000000e+01 1.428682985703004227e-01
0.000000000000000000e+00 1.997475891245264756e-01
0.000000000000000000e+00 2.732189369211603380e-01
0.000000000000000000e+00 1.353255239652080499e+00
0.000000000000000000e+00 1.944685658551988661e-01
5.490000000000000000e+02 6.973360406466269645e-02
0.000000000000000000e+00 1.330265761124695134e-01
3.660000000000000000e+02 8.121563578555869578e-02
4.700000000000000000e+01 1.183390432007807025e-01
0.000000000000000000e+00 1.133237278359103123e-01
0.000000000000000000e+00 3.159546361995742569e-01
0.000000000000000000e+00 1.327207268344262336e-01
0.000000000000000000e+00 2.206558508421572473e-01
4.210000000000000000e+02 1.039781057491567101e-01
0.000000000000000000e+00 2.852916907195378049e-01
6.700000000000000000e+02 5.377670863035421273e-02
6.070000000000000000e+02 7.905440867532007032e-02
2.490000000000000000e+02 1.026033662785096334e-01
6.200000000000000000e+02 5.378938674615273141e-02
0.000000000000000000e+00 2.796526644525412220e-01
0.000000000000000000e+00 1.692863325925708373e-01
5.030000000000000000e+02 1.253467145593557541e-01
1.000000000000000000e+00 2.536233085740446369e-01
0.000000000000000000e+00 2.303136670899470773e-01
0.000000000000000000e+00 1.845821828165317702e-01
0.000000000000000000e+00 2.032904314091517062e-01
0.000000000000000000e+00 1.524039539460765036e-01
0.000000000000000000e+00 1.527583924216752709e-01
1.380000000000000000e+02 1.355919414794111433e-01
0.000000000000000000e+00 2.774602930497982456e-01
0.000000000000000000e+00 3.132404356977204762e-01
0.000000000000000000e+00 1.075124629546363897e+00
0.000000000000000000e+00 1.752690410507137253e-01
0.000000000000000000e+00 1.540194379583226247e+00
1.000000000000000000e+00 2.540782146087467441e-01
4.830000000000000000e+02 1.429163100733321368e-01
0.000000000000000000e+00 3.605021838513016164e-01
0.000000000000000000e+00 2.276972115099439309e-01
0.000000000000000000e+00 2.545257806455006322e-01
2.000000000000000000e+00 1.132368016924832493e-01
0.000000000000000000e+00 1.927657594045020517e-01
0.000000000000000000e+00 2.198814717981606992e-01
7.010000000000000000e+02 7.761299577542522810e-02
0.000000000000000000e+00 2.161929987181237522e-01
0.000000000000000000e+00 3.098977177967491281e-01
4.190000000000000000e+02 9.758845896994947089e-02
0.000000000000000000e+00 1.964332230782081246e-01
0.000000000000000000e+00 1.771431536834848774e-01
6.360000000000000000e+02 1.254365362087204172e-01
2.340000000000000000e+02 1.134126363858644904e-01
6.840000000000000000e+02 8.147426011050790118e-02
4.900000000000000000e+01 1.082307465802684887e-01
0.000000000000000000e+00 1.748530846426248342e-01
0.000000000000000000e+00 2.098764960591128492e-01
0.000000000000000000e+00 2.128892175240326701e-01
0.000000000000000000e+00 1.280290270273285180e-01
0.000000000000000000e+00 3.764876299553938654e-01
0.000000000000000000e+00 3.442021813959827981e-01
0.000000000000000000e+00 1.582906131049176546e-01
0.000000000000000000e+00 2.359125172078946064e-01
8.300000000000000000e+01 7.977384571279629022e-02
0.000000000000000000e+00 5.089101883504603130e-01
0.000000000000000000e+00 2.111102696160871983e-01
0.000000000000000000e+00 1.577781465717673359e-01
0.000000000000000000e+00 1.915624992347944033e-01
0.000000000000000000e+00 2.669444032675772904e-01
0.000000000000000000e+00 1.537483959716337278e-01
0.000000000000000000e+00 1.807842362250879353e-01
0.000000000000000000e+00 3.720777947495343407e-01
3.900000000000000000e+01 1.232543300808391695e+00
0.000000000000000000e+00 2.308248058675622383e-01
0.000000000000000000e+00 2.437500850202548308e-01
0.000000000000000000e+00 1.782669753223232179e-01
1.250000000000000000e+02 8.505351433084898383e-02
0.000000000000000000e+00 1.367290036799800879e-01
0.000000000000000000e+00 1.905956685044510879e-01
0.000000000000000000e+00 3.818505730330531978e-01
0.000000000000000000e+00 2.023688494424638606e-01
9.200000000000000000e+01 1.340394268065480121e+00
0.000000000000000000e+00 2.518038046471259839e-01
1.850000000000000000e+02 1.107539762433631253e-01
0.000000000000000000e+00 1.821432133024880606e-01
0.000000000000000000e+00 2.024208564128547883e-01
0.000000000000000000e+00 2.452252371951979537e-01
2.290000000000000000e+02 9.544464328853441426e-02
5.980000000000000000e+02 1.074468802990025812e-01
0.000000000000000000e+00 5.880407834331538020e-01
0.000000000000000000e+00 9.438906823690139669e-01
0.000000000000000000e+00 2.367109779051870255e-01
0.000000000000000000e+00 1.846455975549105011e-01
6.940000000000000000e+02 6.984670734082783217e-02
0.000000000000000000e+00 2.874873975586023644e-01
0.000000000000000000e+00 2.534565947193076485e-01
1.400000000000000000e+01 1.778027649621914674e-01
1.200000000000000000e+02 1.032151127437518356e-01
0.000000000000000000e+00 2.534552632693063412e-01
0.000000000000000000e+00 2.377707060947326090e-01
0.000000000000000000e+00 3.154352748123809835e-01
0.000000000000000000e+00 8.191306056631221244e-01
3.410000000000000000e+02 9.557464681925118555e-01
1.180000000000000000e+02 1.490862565756466696e-01
3.700000000000000000e+02 1.391837230470382991e-01
0.000000000000000000e+00 2.238331584161726839e-01
0.000000000000000000e+00 3.783490620482432565e-01
0.000000000000000000e+00 2.654271360463032470e-01
9.700000000000000000e+01 1.014672483923560325e-01
4.400000000000000000e+01 9.912505592687861911e-02
2.900000000000000000e+01 1.308143451294811743e-01
9.500000000000000000e+01 1.269303286803175057e+00
0.000000000000000000e+00 4.276124452180152247e-01
0.000000000000000000e+00 1.724599527453837822e-01
0.000000000000000000e+00 1.318778104855882871e+00
0.000000000000000000e+00 8.900715415967465072e-01
0.000000000000000000e+00 2.066159691882787364e-01
0.000000000000000000e+00 2.526458464360140099e-01
0.000000000000000000e+00 1.537809283761603640e-01
0.000000000000000000e+00 2.568145856142285965e-01
6.220000000000000000e+02 1.808938450079560292e-02
0.000000000000000000e+00 3.109750822714200669e-01
2.200000000000000000e+02 1.049880767037899287e-01
0.000000000000000000e+00 1.185465430242002904e+00
0.000000000000000000e+00 1.129030227792129581e+00
0.000000000000000000e+00 1.479254664549438381e-01
6.910000000000000000e+02 3.888567843320774042e-02
5.020000000000000000e+02 1.240613302784724786e-01
3.800000000000000000e+01 1.346860002297530778e-01
2.660000000000000000e+02 1.164207801372807577e-01
0.000000000000000000e+00 2.526458265253123114e-01
0.000000000000000000e+00 2.924261465716401220e-01
0.000000000000000000e+00 2.939060460624171034e-01
0.000000000000000000e+00 2.717234928153161033e-01
7.400000000000000000e+01 1.476471357241098126e-01
6.450000000000000000e+02 4.320274486396681601e-02
4.570000000000000000e+02 1.596345899752343589e-01
8.500000000000000000e+01 1.204770353076487943e+00
7.010000000000000000e+02 5.170888704846256928e-02
0.000000000000000000e+00 1.234971003140405282e-01
7.010000000000000000e+02 7.587990521628978913e-02
7.010000000000000000e+02 4.677945239009954209e-02
0.000000000000000000e+00 1.806037109924212847e-01
0.000000000000000000e+00 3.404050669892025871e-01
5.740000000000000000e+02 9.843515331955800252e-02
0.000000000000000000e+00 3.594953253542301774e-01
0.000000000000000000e+00 1.219266250587407868e-01
0.000000000000000000e+00 3.047852453764769431e-01
0.000000000000000000e+00 2.857699686976667430e-01
0.000000000000000000e+00 1.500779244442897453e-01
0.000000000000000000e+00 1.815578926786469149e-01
2.500000000000000000e+02 9.096890132134036744e-01
5.790000000000000000e+02 2.447770549259208409e-02
1.000000000000000000e+00 1.078071980872419067e+00
0.000000000000000000e+00 3.669390123341819132e-01
0.000000000000000000e+00 2.000914557372336366e-01
6.200000000000000000e+01 1.101561454426971537e-01
0.000000000000000000e+00 3.677867220786527613e-01
0.000000000000000000e+00 3.469394760133980293e-01
4.650000000000000000e+02 1.034263034441510326e-01
5.440000000000000000e+02 1.102254116603011425e-01
5.260000000000000000e+02 1.190530176192611256e-01
7.010000000000000000e+02 8.034716079740221450e-02
2.900000000000000000e+01 2.574541564491803491e-01
6.520000000000000000e+02 6.611649699802747693e-02
0.000000000000000000e+00 3.839918466649337447e-01
8.300000000000000000e+01 1.285217735422119478e-01
0.000000000000000000e+00 1.350414766006210743e-01
5.600000000000000000e+01 9.965535034678754678e-02
0.000000000000000000e+00 1.412259642458265352e-01
0.000000000000000000e+00 1.218911317229952385e+00
0.000000000000000000e+00 1.862501325546006281e-01
0.000000000000000000e+00 3.063526802730743293e-01
0.000000000000000000e+00 1.606228829415509429e-01
0.000000000000000000e+00 9.067291638052421554e-01
0.000000000000000000e+00 2.327405622542988994e-01
0.000000000000000000e+00 1.947696932738357256e-01
0.000000000000000000e+00 2.984830112530396096e-01
0.000000000000000000e+00 1.476631434386902753e-01
0.000000000000000000e+00 4.129896983757309070e-01
0.000000000000000000e+00 2.448111451448180542e-01
0.000000000000000000e+00 1.383766015805369121e-01
0.000000000000000000e+00 2.914304559654313231e-01
0.000000000000000000e+00 2.026116101322494867e-01
0.000000000000000000e+00 2.192812194678294690e-01
0.000000000000000000e+00 2.496688272430947486e-01
0.000000000000000000e+00 1.163034224996489563e+00
0.000000000000000000e+00 1.072440072198022731e+00
1.000000000000000000e+01 9.570554404233518053e-02
0.000000000000000000e+00 1.398942899240204762e-01
0.000000000000000000e+00 2.363614955144437701e-01
7.010000000000000000e+02 7.066522265711393247e-02
0.000000000000000000e+00 2.031048427852846228e-01
0.000000000000000000e+00 1.582416712466018227e-01
0.000000000000000000e+00 2.029057642805363881e-01
0.000000000000000000e+00 2.713109657186038026e-01
4.650000000000000000e+02 1.578517563369268017e-01
5.980000000000000000e+02 1.077848608855495049e-01
5.210000000000000000e+02 1.576825626521022872e-01
0.000000000000000000e+00 1.451065559308643560e-01
0.000000000000000000e+00 1.820180017888712587e-01
3.800000000000000000e+01 8.324707945130204179e-01
4.660000000000000000e+02 5.101734618660271059e-02
0.000000000000000000e+00 3.572532136437948647e-01
0.000000000000000000e+00 3.066684255752826216e-01
7.010000000000000000e+02 6.836382851624515922e-02
7.010000000000000000e+02 4.934621535612895155e-02
0.000000000000000000e+00 1.168385764581419961e+00
0.000000000000000000e+00 1.320712312427641866e+00
4.680000000000000000e+02 1.280952518851332211e+00
7.010000000000000000e+02 9.556643448715100575e-02
0.000000000000000000e+00 1.348626431778641444e-01
0.000000000000000000e+00 1.601009331610126207e-01
0.000000000000000000e+00 1.707607222022703708e-01
0.000000000000000000e+00 2.044671192285104633e-01
0.000000000000000000e+00 3.459687523800668574e-01
0.000000000000000000e+00 1.476366512222631600e-01
2.820000000000000000e+02 1.202580100939850405e-01
0.000000000000000000e+00 1.325832938411974915e+00
0.000000000000000000e+00 1.187721753171221695e-01
0.000000000000000000e+00 4.193302507987362593e-01
0.000000000000000000e+00 2.440790160709180867e-01
0.000000000000000000e+00 2.207697219760449969e-01
0.000000000000000000e+00 1.571668715794484750e-01
0.000000000000000000e+00 1.659843906655929235e-01
7.900000000000000000e+01 1.924006948888670465e-01
0.000000000000000000e+00 3.308949561887244428e-01
0.000000000000000000e+00 3.248251063224156243e-01
0.000000000000000000e+00 2.378212137751625488e-01
4.400000000000000000e+01 1.193310264468474324e+00
0.000000000000000000e+00 2.092929723354443050e-01
0.000000000000000000e+00 2.406968242688444226e-01
5.840000000000000000e+02 1.464820795147949717e-01
0.000000000000000000e+00 1.429370324233059930e-01
0.000000000000000000e+00 8.931065719283789450e-01
4.690000000000000000e+02 1.491841925142660952e-01
0.000000000000000000e+00 2.237469690997451188e-01
0.000000000000000000e+00 2.086339501339128655e-01
1.000000000000000000e+00 1.202480649974674520e+00
2.950000000000000000e+02 1.257854820426821396e-01
0.000000000000000000e+00 1.123230010629381603e-01
0.000000000000000000e+00 2.468915616648522382e-01
3.310000000000000000e+02 1.270989438386303516e-01
0.000000000000000000e+00 1.749045290810414544e-01
0.000000000000000000e+00 4.235295210083820927e-01
0.000000000000000000e+00 1.548944860518806532e+00
0.000000000000000000e+00 1.446989852237919871e-01
7.010000000000000000e+02 5.464610935873819020e-02
0.000000000000000000e+00 1.811916797380605515e-01
0.000000000000000000e+00 3.156896892472084160e-01
0.000000000000000000e+00 2.581836562950207137e-01
0.000000000000000000e+00 1.832620807108712724e-01
0.000000000000000000e+00 3.271639967313951791e-01
0.000000000000000000e+00 0.000000000000000000e+00
0.000000000000000000e+00 0.000000000000000000e+00
0.000000000000000000e+00 0.000000000000000000e+00
0.000000000000000000e+00 0.000000000000000000e+00
0.000000000000000000e+00 0.000000000000000000e+00
0.000000000000000000e+00 0.000000000000000000e+00
0.000000000000000000e+00 0.000000000000000000e+00
0.000000000000000000e+00 0.000000000000000000e+00
0.000000000000000000e+00 0.000000000000000000e+00
0.000000000000000000e+00 0.000000000000000000e+00
